750
122 
16 
20 26 
846 853 
686 689 
857 858 
765 769 
668 670 
797 798 
793 794 
805 806 
774 781 
617 619 
990 991 
838 841 
740 744 
543 544 
662 665 
832 833 
956 957 
949 953 
937 940 
919 927 
996 999 
916 918 
904 909 
620 622 
929 930 
609 612 
517 518 
698 701 
537 542 
534 535 
490 492 
553 558 
523 524 
664 666 
657 660 
684 685 
630 632 
628 631 
607 608 
470 475 
795 796 
847 856 
813 814 
401 402 
99 101 
469 474 
581 582 
873 876 
624 625 
615 618 
562 563 
871 872 
862 868 
759 760 
673 674 
710 711 
681 683 
695 696 
788 789 
633 634 
452 454 
147 150 
368 371 
455 459 
808 810 
345 353 
884 885 
447 449 
324 327 
321 322 
521 522 
49 51 
993 995 
407 408 
307 318 
297 304 
422 426 
572 573 
466 471 
980 981 
343 344 
659 661 
262 264 
385 388 
365 366 
335 336 
271 280 
589 590 
527 529 
601 603 
577 578 
548 552 
496 498 
200 204 
458 461 
984 988 
958 960 
947 952 
932 934 
910 912 
977 979 
920 928 
891 892 
967 968 
882 883 
409 410 
861 866 
800 801 
114 115 
153 156 
339 341 
837 840 
982 985 
961 965 
105 108 
413 415 
481 482 
438 443 
735 737 
703 705 
751 753 
720 721 
651 653 
716 717 
675 676 
697 699 
752 758 
700 709 
635 636 
259 263 
155 157 
238 242 
714 715 
510 511 
350 355 
726 731 
637 643 
579 580 
231 234 
243 246 
191 195 
394 395 
223 226 
973 974 
188 190 
252 253 
595 598 
214 215 
218 221 
206 207 
91 93 
289 290 
249 250 
894 897 
583 585 
494 495 
256 257 
330 331 
501 503 
414 417 
337 338 
244 248 
27 30 
40 44 
168 169 
270 273 
144 146 
138 143 
198 199 
512 513 
901 903 
762 763 
444 445 
236 237 
464 465 
568 571 
564 566 
484 487 
224 227 
158 160 
151 152 
57 58 
359 363 
291 295 
6 8 
372 375 
879 881 
816 817 
834 835 
911 915 
825 828 
384 386 
285 288 
31 32 
94 95 
382 383 
525 528 
434 437 
85 88 
71 72 
123 124 
941 943 
61 65 
46 47 
36 37 
0 2 
116 117 
10 12 
129 130 
373 376 
118 119 
66 67 
131 133 
80 82 
52 53 
180 182 
403 405 
59 64 
78 
890 
654 
648 
688 
671 
669 
656 
652 
843 
647 
784 
766 
646 
588 
964 
836 
799 
792 
896 
820 
815 
804 
842 
790 
779 
775 
777 
860 
831 
821 
811 
819 
791 
757 
926 
921 
852 
787 
778 
764 
748 
645 
54 55 
954 
555 
644 
736 
743 
719 
693 
667 
829 
780 
658 
655 
734 
649 
509 
613 
610 
596 
591 
807 
574 
592 
639 
575 
959 
569 
557 
706 
729 
951 
944 
935 
908 
895 
914 
989 
723 
802 
102 104 
994 
68 69 
898 902 
997 
983 
976 
971 
962 
969 
623 
616 
532 
533 
526 
536 
822 
519 
848 
531 
859 
493 
488 
913 
755 
900 
870 
863 
776 
742 
738 
567 
320 
677 
712 
707 
687 
682 
680 
747 
678 
551 
905 
812 
754 
640 
702 
772 
692 
741 
611 
730 
722 
694 
348 
389 
347 
311 
514 
893 
491 
515 
602 
505 
319 
823 
520 
312 
621 
316 
308 
286 
939 
923 
84 86 
970 
922 
925 
917 
728 
867 
855 
907 
888 
886 
875 
869 
854 
732 
771 
468 
450 
507 
502 
442 
473 
453 
556 
431 
416 
924 
899 
275 
497 
950 
972 
966 
889 
887 
559 
539 
638 
508 
302 
305 
352 
299 
439 
332 
323 
691 
317 
294 
211 
629 
986 
844 
786 
724 
809 
672 
938 
479 
614 
663 
597 
560 
690 
486 
296 
292 
272 
255 
240 
239 
230 
477 
210 
196 
472 
942 
880 
992 
987 
978 
931 
874 
725 
404 
546 
561 
541 
306 310 
998 
906 
827 
785 
457 
96 97 
599 600 
329 
803 
451 
745 
746 
423 
499 
435 
396 
440 
378 
374 
241 
301 
679 
411 
456 
436 
400 
446 
380 
379 
626 
314 
480 
704 
387 
429 
530 
516 
406 
565 
425 
412 
397 
277 
360 
462 
393 
358 
593 
342 
354 
506 
334 
333 
254 
349 
463 
361 
328 
727 
346 
326 
181 
313 
500 
391 
278 
274 
298 
235 
220 
149 
864 
166 
202 
245 
203 
193 
184 
441 
197 
381 
370 
627 
570 
369 
955 
219 
576 
504 
641 
708 
604 
839 
489 
767 
948 
260 
367 
830 
936 
878 
865 
849 
826 
38 
139 
418 419 
718 
605 
850 
540 
538 
23 
35 
41 
60 
29 
45 
74 
33 
56 
22 
761 
247 
217 
877 
768 
145 
148 
549 
554 
483 
92 
167 
189 
178 
177 
136 
176 
164 
135 
90 
594 
584 
284 
309 
303 
293 
282 
83 
201 
281 
265 
251 
232 
212 
209 
205 
642 
192 
154 
87 
89 
398 399 
845 
279 
851 
356 
325 
420 
268 
109 
187 
467 
228 
208 
650 
225 
213 
186 
357 
125 
739 
756 
945 946 
933 
733 
550 
287 
15 18 
134 137 
390 392 
161 162 
183 185 
770 773 
545 547 
818 824 
163 165 
171 172 
424 427 
266 269 
476 478 
126 128 
173 175 
428 432 
76 79 
127 
19 
34 
48 
111 
73 
62 
75 
340 
448 
107 
276 
42 
5 
9 
3 
39 
140 
121 
81 
98 
749 750 
421 
229 
222 
174 
170 
141 
103 
106 
120 
430 
142 
7 
1 
132 
112 
43 
14 
28 
606 
485 
13 
963 
4 
70 
159 
233 
63 
713 
113 
300 
433 
586 587 
362 
975 
377 
351 
216 
364 
782 783 
460 
267 
283 
315 
258 
194 
179 
50 
11 
21 
25 
261 
100 
24 
77 
110 
17 
